32,43
11,16
18,22
46,53
0,10
63,74
62,75
41,45
61,67
26,33
47,55
52,60
0,1
28,34
27,36
46,52
0,10
32,42
75,78
42,52
4,7
22,30
53,58
17,26
48,57
9,10
48,51
4,11
40,47
8,13
46,47
56,66
52,56
0,9
41,50
8,17
8,9
46,50
0,7
25,26
56,61
42,45
29,38
67,74
9,19
42,51
0,12
66,79
5,13
41,48
16,24
33,36
10,13
39,43
19,24
8,9
69,74
29,35
17,23
38,44
45,52
32,43
15,19
30,35
53,61
8,17
40,46
39,45
46,53
29,33
0,7
38,39
43,47
47,56
9,15
18,23
67,70
38,41
19,27
0,5
34,45
8,14
15,19
60,68
13,19
0,4
40,44
32,36
12,13
12,13
12,13
12,13
36,40
42,48
44,51
33,39
76,80
51,54
50,56
37,49
0,5
71,74
47,54
14,18
54,59
16,19
6,11
18,22
55,60
0,5
35,44
80,83
0,10
72,75
52,56
61,71
55,56
4,13
51,58
64,69
0,2
25,29
30,34
71,79
41,47
61,64
50,54
0,6
51,52
51,52
2,10
28,31
16,22
23,29
51,57
0,3
23,24
38,50
38,46
0,6
7,14
30,39
36,43
31,35
40,47
65,69
51,56
60,72
68,71
63,67
53,56
0,11
0,5
48,51
11,20
24,31
36,43
40,44
53,56
7,12
29,34
38,49
12,15
0,9
10,21
0,3
56,57
15,22
64,73
14,18
49,52
41,45
43,50
16,20
51,56
7,14
53,62
36,38
51,55
26,32
33,39
8,9
23,29
61,72
47,51
70,77
0,6
42,48
43,52
26,39
22,32
37,41
40,46
0,4
44,53
16,25
67,75
31,37
38,42
21,32
25,26
30,31
30,31
30,31
30,31
21,26
8,12
56,64
44,49
31,40
15,21
51,56
48,53
0,1
0,1
0,1
0,1
0,1
15,20
3,7
3,7
31,37
66,69
45,51
13,14
20,24
21,27
29,34
59,63
14,19
12,13
56,63
0,5
34,42
46,54
49,63
44,52
44,50
0,6
2,5
61,65
54,57
27,34
48,53
30,35
8,12
44,50
51,55
26,33
61,72
53,56
55,64
52,61
28,34
8,16
53,60
8,12
32,35
34,36
34,36
34,36
48,54
38,44
45,50
54,60
0,1
5,6
5,6
5,6
5,6
44,52
64,67
55,60
52,56
0,3
56,61
36,43
30,37
8,16
19,23
76,79
37,42
59,63
11,19
17,21
10,13
56,65
32,36
7,12
51,56
0,6
6,14
9,10
11,17
14,21
35,41
0,10
68,73
55,59
48,54
19,27
35,46
49,53
3,7
71,74
26,31
5,11
32,36
23,29
28,34
10,16
17,23
17,21
29,32
23,32
0,6
59,62
48,62
64,71
6,12
33,39
56,63
11,19
57,60
56,60
44,54
85,92
29,33
51,52
14,20
49,53
21,26
20,21
60,69
39,43
28,41
14,15
54,59
44,49
28,29
0,6
62,66
54,58
50,59
20,27
70,73
59,62
61,69
46,51
32,36
34,42
14,16
13,14
47,50
21,27
28,35
5,11
33,37
34,43
10,17
68,74
49,55
56,63
30,40
55,67
39,43
0,9
4,6
34,41
25,29
23,29
73,80
20,27
56,60
31,39
17,25
47,51
24,34
44,50
65,72
29,37
0,6
13,17
46,59
4,5
26,29
0,11
36,40
2,5
24,30
25,31
14,20
26,36
15,22
71,77
72,75
20,26
51,61
0,7
13,18
55,65
44,48
45,51
14,18
0,6
41,52
56,62
49,52
4,13
61,68
41,45
17,30
53,59
20,27
39,45
47,51
56,67
17,26
17,22
53,58
20,24
22,26
4,11
0,7
44,49
47,58
48,51
59,62
48,53
0,13
4,7
24,31
16,17
16,17
32,37
26,29
17,19
30,36
52,63
61,66
40,46
0,6
0,7
57,63
38,47
0,11
42,51
0,10
52,62
67,76
0,11
56,61
40,45
24,30
23,27
51,54
48,52
58,63
47,50
41,47
48,52
7,8
0,17
31,37
34,38
25,31
30,36
37,41
31,37
29,32
34,38
56,57
72,75
77,86
50,53
21,30
58,61
39,45
26,34
19,25
48,53
3,6
72,79
19,23
13,14
7,15
44,51
20,26
39,48
64,67
38,45
59,63
33,37
57,62
9,14
48,52
54,56
54,56
14,15
67,75
40,45
32,38
10,23
12,25
67,70
0,5
0,7
18,23
70,76
16,21
47,51
14,20
37,40
38,45
24,30
28,29
25,32
16,20
0,1
9,13
34,38
38,43
47,51
44,47
0,5
18,25
39,45
53,62
10,11
16,20
8,14
14,18
40,46
47,54
39,45
17,21
0,6
7,11
42,48
22,31
64,68
26,33
45,51
11,19
44,55
50,57
61,66
6,10
10,17
7,8
24,35
9,12
38,41
34,46
4,13
57,61
6,14
35,48
60,62
27,33
50,59
63,66
49,57
11,15
13,19
53,58
14,15
20,27
11,20
41,45
67,74
34,41
7,14
9,18
68,72
38,41
6,11
25,26
29,34
6,9
53,57
34,40
61,70
14,19
7,8
7,8
29,34
26,32
43,45
0,6
24,28
6,7
7,9
0,6
12,22
50,55
0,6
48,54
60,70
0,10
23,27
64,69
32,36
48,52
0,4
48,56
48,51
46,56
39,42
30,34
28,38
24,30
0,9
33,40
11,21
44,55
19,23
35,38
22,27
41,51
68,75
62,66
35,41
45,54
75,78
76,80
33,37
75,81
6,7
28,35
20,24
35,40
40,46
31,35
38,46
5,9
19,20
19,20
19,20
59,60
0,2
64,66
50,56
49,54
40,47
0,6
10,16
67,71
67,71
0,4
49,58
63,67
7,11
0,10
17,21
54,67
65,68
65,77
0,7
31,41
21,28
41,45
21,28
26,33
83,87
0,6
7,14
23,29
48,54
55,62
52,57
26,30
60,73
43,49
55,61
62,66
24,31
8,9
11,16
35,39
4,10
55,63
34,38
19,23
19,23
50,55
46,55
45,48
36,45
0,5
49,57
29,36
14,20
0,2
20,22
20,22
17,24
62,67
8,10
0,2
0,9
48,55
33,42
61,65
36,41
24,33
0,6
25,27
45,49
7,12
19,22
7,12
72,75
58,63
24,29
0,2
67,69
67,69
70,72
11,12
21,25
0,6
7,14
15,20
36,38
36,38
36,38
41,45
11,18
13,16
10,19
9,10
11,12
11,21
57,62
6,8
42,44
80,85
11,12
52,69
9,14
23,29
56,60
36,40
40,46
50,55
62,69
70,77
0,2
35,40
62,66
55,59
22,33
13,15
20,22
20,22
69,71
13,15
48,60
23,25
7,9
7,9
43,46
57,74
9,18
51,55
0,9
25,30
8,9
61,65
0,11
50,55
8,14
15,22
29,30
12,16
62,69
0,5
38,47
52,63
23,25
3,12
22,25
43,51
0,4
0,2
12,21
26,32
45,52
62,69
50,59
44,50
51,53
51,53
55,58
30,37
44,53
39,40
42,48
46,52
36,40
25,30
55,59
36,42
74,79
26,34
66,70
48,54
40,45
8,11
39,40
35,46
67,71
69,75
49,54
23,26
0,2
15,16
10,20
25,32
22,31
8,13
75,81
22,26
7,12
82,93
39,40
64,75
53,57
62,68
69,74
64,67
72,77
50,57
8,19
55,61
0,7
0,4
48,59
21,25
61,67
11,12
25,26
14,15
66,70
71,78
69,75
17,19
29,33
31,34
10,15
10,15
0,3
14,20
11,14
18,26
67,70
3,15
76,83
75,78
37,43
23,27
36,41
33,39
22,23
35,40
62,66
25,32
47,53
22,27
63,68
0,7
10,14
63,67
59,64
37,45
23,28
45,49
33,39
41,45
0,3
37,38
3,7
79,84
8,10
8,10
8,10
36,42
43,47
29,38
53,60
20,31
40,48
37,40
24,30
31,38
50,64
35,41
47,50
18,25
7,10
17,23
48,52
14,20
31,37
17,21
32,33
0,8
16,22
0,6
7,17
27,37
7,12
27,33
61,70
